DATA:,01,031125,134734,1,00,00,OOOOO,031125,134734,020,08850,358,000000,000000,000,00000,000,000000,000000,000,00000,000,000000,000000,000,00000,000
DATA:,01,031125,134735,2,00,00,OOOOO,031125,134734,041,03995,178,031125,134735,020,11509,126,000000,000000,000,00000,000,000000,000000,000,00000,000
DATA:,01,031125,134736,4,00,00,OOOOO,031125,134735,082,11698,006,031125,134735,062,00001,043,031125,134735,041,02640,275,031125,134735,020,11121,166
DATA:,01,031125,134736,4,00,00,OOOOO,031125,134736,082,03056,018,031125,134736,062,08810,077,031125,134736,041,01771,296,031125,134736,020,03880,064
DATA:,01,031125,134737,4,00,00,OOOOO,031125,134736,082,03002,039,031125,134737,062,09771,261,031125,134737,041,08620,141,031125,134737,020,10195,250
DATA:,01,031125,134737,0,00,00,OOOOO,000000,000000,000,00000,000,000000,000000,000,00000,000,000000,000000,000,00000,000,000000,000000,000,00000,000
DATA:,01,031125,134738,3,00,00,OOOOO,031125,134737,062,13393,254,031125,134738,041,10153,272,031125,134738,020,08414,275,000000,000000,000,00000,000
DATA:,01,031125,134739,4,00,00,OOOOO,031125,134738,082,10054,237,031125,134738,062,13275,322,031125,134738,041,08838,181,031125,134739,020,10120,312
DATA:,01,031125,134740,4,00,00,OOOOO,031125,134739,083,05951,171,031125,134739,062,07580,302,031125,134739,041,05547,354,031125,134739,020,09094,177
DATA:,01,031125,134740,2,00,00,OOOOO,031125,134740,041,11579,027,031125,134740,020,13858,076,000000,000000,000,00000,000,000000,000000,000,00000,000
DATA:,01,031125,134741,4,00,00,OOOOO,031125,134740,082,12695,010,031125,134740,062,07658,121,031125,134741,041,09850,210,031125,134741,020,12723,219
DATA:,01,031125,134741,1,00,00,OOOOO,031125,134741,020,13116,207,000000,000000,000,00000,000,000000,000000,000,00000,000,000000,000000,000,00000,000
DATA:,01,031125,134741,0,00,00,OOOOO,000000,000000,000,00000,000,000000,000000,000,00000,000,000000,000000,000,00000,000,000000,000000,000,00000,000
DATA:,01,031125,134741,0,00,00,OOOOO,000000,000000,000,00000,000,000000,000000,000,00000,000,000000,000000,000,00000,000,000000,000000,000,00000,000
DATA:,01,031125,134741,0,00,00,OOOOO,000000,000000,000,00000,000,000000,000000,000,00000,000,000000,000000,000,00000,000,000000,000000,000,00000,000
DATA:,01,031125,134741,0,00,00,OOOOO,000000,000000,000,00000,000,000000,000000,000,00000,000,000000,000000,000,00000,000,000000,000000,000,00000,000
DATA:,01,031125,134742,3,00,00,OOOOO,031125,134741,062,12874,333,031125,134741,041,13096,227,031125,134742,020,13198,034,000000,000000,000,00000,000
DATA:,01,031125,134742,1,00,00,OOOOO,031125,134742,020,04341,309,000000,000000,000,00000,000,000000,000000,000,00000,000,000000,000000,000,00000,000
DATA:,01,031125,134742,1,00,00,OOOOO,031125,134742,020,13277,321,000000,000000,000,00000,000,000000,000000,000,00000,000,000000,000000,000,00000,000
DATA:,01,031125,134743,4,00,00,OOOOO,031125,134742,082,05861,334,031125,134743,062,08283,257,031125,134743,041,11411,125,031125,134743,020,13568,238
DATA:,01,031125,134744,4,00,00,OOOOO,031125,134743,083,01294,287,031125,134743,062,04859,214,031125,134744,041,04086,325,031125,134744,020,07706,002
DATA:,01,031125,134745,3,00,00,OOOOO,031125,134744,062,07187,301,031125,134744,041,11846,050,031125,134744,020,12137,120,000000,000000,000,00000,000
DATA:,01,031125,134746,4,00,00,OOOOO,031125,134745,082,03794,135,031125,134745,062,02328,320,031125,134745,041,06499,211,031125,134745,020,03502,105
DATA:,01,031125,134746,1,00,00,OOOOO,031125,134746,020,03521,091,000000,000000,000,00000,000,000000,000000,000,00000,000,000000,000000,000,00000,000
DATA:,01,031125,134746,1,00,00,OOOOO,031125,134746,020,11681,042,000000,000000,000,00000,000,000000,000000,000,00000,000,000000,000000,000,00000,000
DATA:,01,031125,134747,4,00,00,OOOOO,031125,134746,083,02533,223,031125,134746,062,07375,275,031125,134746,041,07214,032,031125,134747,020,03556,304
DATA:,01,031125,134747,1,00,00,OOOOO,031125,134747,020,00456,074,000000,000000,000,00000,000,000000,000000,000,00000,000,000000,000000,000,00000,000
DATA:,01,031125,134748,3,00,00,OOOOO,031125,134747,062,07422,016,031125,134747,041,09736,086,031125,134748,020,00789,226,000000,000000,000,00000,000
DATA:,01,031125,134748,0,00,00,OOOOO,000000,000000,000,00000,000,000000,000000,000,00000,000,000000,000000,000,00000,000,000000,000000,000,00000,000
DATA:,01,031125,134748,2,00,00,OOOOO,031125,134748,041,00778,329,031125,134748,020,00810,316,000000,000000,000,00000,000,000000,000000,000,00000,000
DATA:,01,031125,134749,2,00,00,OOOOO,031125,134748,041,08855,143,031125,134748,020,11185,224,000000,000000,000,00000,000,000000,000000,000,00000,000
DATA:,01,031125,134749,4,00,00,OOOOO,031125,134749,082,00717,094,031125,134749,062,09177,172,031125,134749,041,05706,120,031125,134749,020,10801,221
DATA:,01,031125,134750,3,00,00,OOOOO,031125,134749,062,08097,070,031125,134750,041,02421,329,031125,134750,020,04747,277,000000,000000,000,00000,000
DATA:,01,031125,134751,4,00,00,OOOOO,031125,134750,082,10788,009,031125,134750,062,10065,168,031125,134751,041,04657,001,031125,134751,020,02304,216
DATA:,01,031125,134751,2,00,00,OOOOO,031125,134751,041,04905,049,031125,134751,020,10996,349,000000,000000,000,00000,000,000000,000000,000,00000,000
DATA:,01,031125,134752,3,00,00,OOOOO,031125,134751,062,05487,223,031125,134752,041,10551,310,031125,134752,020,08377,068,000000,000000,000,00000,000
DATA:,01,031125,134752,2,00,00,OOOOO,031125,134752,041,08029,263,031125,134752,020,03665,050,000000,000000,000,00000,000,000000,000000,000,00000,000
DATA:,01,031125,134753,4,00,00,OOOOO,031125,134752,082,10559,332,031125,134753,062,01805,275,031125,134753,041,10117,168,031125,134753,020,05449,246
DATA:,01,031125,134754,1,00,00,OOOOO,031125,134753,020,12570,103,000000,000000,000,00000,000,000000,000000,000,00000,000,000000,000000,000,00000,000
DATA:,01,031125,134754,4,00,00,OOOOO,031125,134754,082,02095,291,031125,134754,062,00012,133,031125,134754,041,02679,181,031125,134754,020,13539,323
DATA:,01,031125,134755,2,00,00,OOOOO,031125,134754,041,05872,332,031125,134755,020,02202,256,000000,000000,000,00000,000,000000,000000,000,00000,000
DATA:,01,031125,134756,4,00,00,OOOOO,031125,134755,082,08566,046,031125,134755,062,04309,197,031125,134755,041,11870,206,031125,134755,020,06371,005
DATA:,01,031125,134756,3,00,00,OOOOO,031125,134756,062,03920,065,031125,134756,041,12978,148,031125,134756,020,03933,020,000000,000000,000,00000,000
DATA:,01,031125,134757,4,00,00,OOOOO,031125,134756,082,08370,013,031125,134757,062,13870,059,031125,134757,041,09134,291,031125,134757,020,01612,302
DATA:,01,031125,134758,4,00,00,OOOOO,031125,134757,083,00229,299,031125,134757,062,12555,315,031125,134758,041,04956,143,031125,134758,020,04580,093
DATA:,01,031125,134759,3,00,00,OOOOO,031125,134758,062,03265,010,031125,134758,041,04477,059,031125,134758,020,05555,009,000000,000000,000,00000,000
DATA:,01,031125,134759,2,00,00,OOOOO,031125,134759,041,07858,235,031125,134759,020,11785,125,000000,000000,000,00000,000,000000,000000,000,00000,000
DATA:,01,031125,134759,1,00,00,OOOOO,031125,134759,020,09908,214,000000,000000,000,00000,000,000000,000000,000,00000,000,000000,000000,000,00000,000
DATA:,01,031125,134800,2,00,00,OOOOO,031125,134759,041,07456,078,031125,134800,020,01142,243,000000,000000,000,00000,000,000000,000000,000,00000,000
DATA:,01,031125,134800,0,00,00,OOOOO,000000,000000,000,00000,000,000000,000000,000,00000,000,000000,000000,000,00000,000,000000,000000,000,00000,000
DATA:,01,031125,134800,1,00,00,OOOOO,031125,134800,020,01676,356,000000,000000,000,00000,000,000000,000000,000,00000,000,000000,000000,000,00000,000
DATA:,01,031125,134800,0,00,00,OOOOO,000000,000000,000,00000,000,000000,000000,000,00000,000,000000,000000,000,00000,000,000000,000000,000,00000,000
DATA:,01,031125,134800,0,00,00,OOOOO,000000,000000,000,00000,000,000000,000000,000,00000,000,000000,000000,000,00000,000,000000,000000,000,00000,000
DATA:,01,031125,134801,4,00,00,OOOOO,031125,134800,082,00020,024,031125,134800,062,10081,016,031125,134800,041,11795,089,031125,134801,020,06810,103
DATA:,01,031125,134801,1,00,00,OOOOO,031125,134801,020,12797,015,000000,000000,000,00000,000,000000,000000,000,00000,000,000000,000000,000,00000,000
DATA:,01,031125,134801,1,00,00,OOOOO,031125,134801,020,04480,257,000000,000000,000,00000,000,000000,000000,000,00000,000,000000,000000,000,00000,000
DATA:,01,031125,134802,3,00,00,OOOOO,031125,134801,062,13038,342,031125,134802,041,05238,342,031125,134802,020,02920,145,000000,000000,000,00000,000
DATA:,01,031125,134803,3,00,00,OOOOO,031125,134802,062,03379,262,031125,134802,041,13440,158,031125,134802,020,08664,229,000000,000000,000,00000,000
DATA:,01,031125,134803,0,00,00,OOOOO,000000,000000,000,00000,000,000000,000000,000,00000,000,000000,000000,000,00000,000,000000,000000,000,00000,000
DATA:,01,031125,134803,4,00,00,OOOOO,031125,134803,082,07367,248,031125,134803,062,06125,046,031125,134803,041,02179,175,031125,134803,020,11819,108
DATA:,01,031125,134804,1,00,00,OOOOO,031125,134804,020,05566,325,000000,000000,000,00000,000,000000,000000,000,00000,000,000000,000000,000,00000,000
DATA:,01,031125,134804,2,00,00,OOOOO,031125,134804,041,08125,260,031125,134804,020,00815,099,000000,000000,000,00000,000,000000,000000,000,00000,000
DATA:,01,031125,134804,0,00,00,OOOOO,000000,000000,000,00000,000,000000,000000,000,00000,000,000000,000000,000,00000,000,000000,000000,000,00000,000
DATA:,01,031125,134805,2,00,00,OOOOO,031125,134804,041,10414,062,031125,134804,020,11797,066,000000,000000,000,00000,000,000000,000000,000,00000,000
DATA:,01,031125,134805,2,00,00,OOOOO,031125,134805,041,07115,350,031125,134805,020,08773,060,000000,000000,000,00000,000,000000,000000,000,00000,000
DATA:,01,031125,134805,1,00,00,OOOOO,031125,134805,020,07015,207,000000,000000,000,00000,000,000000,000000,000,00000,000,000000,000000,000,00000,000
DATA:,01,031125,134805,1,00,00,OOOOO,031125,134805,020,10938,359,000000,000000,000,00000,000,000000,000000,000,00000,000,000000,000000,000,00000,000
DATA:,01,031125,134806,2,00,00,OOOOO,031125,134806,041,03903,047,031125,134806,020,00503,195,000000,000000,000,00000,000,000000,000000,000,00000,000
DATA:,01,031125,134806,2,00,00,OOOOO,031125,134806,041,05094,069,031125,134806,020,08634,187,000000,000000,000,00000,000,000000,000000,000,00000,000
DATA:,01,031125,134807,2,00,00,OOOOO,031125,134806,041,02146,177,031125,134807,020,08205,182,000000,000000,000,00000,000,000000,000000,000,00000,000
DATA:,01,031125,134807,2,00,00,OOOOO,031125,134807,041,11038,110,031125,134807,020,08038,007,000000,000000,000,00000,000,000000,000000,000,00000,000
DATA:,01,031125,134807,1,00,00,OOOOO,031125,134807,020,05592,104,000000,000000,000,00000,000,000000,000000,000,00000,000,000000,000000,000,00000,000
DATA:,01,031125,134808,4,00,00,OOOOO,031125,134807,082,06433,358,031125,134808,062,07288,057,031125,134808,041,02461,019,031125,134808,020,13343,206
DATA:,01,031125,134809,3,00,00,OOOOO,031125,134808,062,04534,110,031125,134809,041,00770,192,031125,134809,020,02275,029,000000,000000,000,00000,000
DATA:,01,031125,134809,2,00,00,OOOOO,031125,134809,041,08560,228,031125,134809,020,07127,023,000000,000000,000,00000,000,000000,000000,000,00000,000
DATA:,01,031125,134810,4,00,00,OOOOO,031125,134809,082,10391,086,031125,134810,062,08342,216,031125,134810,041,12660,260,031125,134810,020,11493,338
DATA:,01,031125,134811,3,00,00,OOOOO,031125,134810,062,07113,150,031125,134810,041,09095,319,031125,134811,020,08899,245,000000,000000,000,00000,000
DATA:,01,031125,134812,3,00,00,OOOOO,031125,134811,062,11673,045,031125,134811,041,06586,299,031125,134811,020,11922,139,000000,000000,000,00000,000
DATA:,01,031125,134812,0,00,00,OOOOO,000000,000000,000,00000,000,000000,000000,000,00000,000,000000,000000,000,00000,000,000000,000000,000,00000,000
DATA:,01,031125,134812,4,00,00,OOOOO,031125,134812,082,08472,061,031125,134812,062,04005,003,031125,134812,041,00889,105,031125,134812,020,05767,061
DATA:,01,031125,134813,1,00,00,OOOOO,031125,134812,020,08597,087,000000,000000,000,00000,000,000000,000000,000,00000,000,000000,000000,000,00000,000
DATA:,01,031125,134813,1,00,00,OOOOO,031125,134813,020,08317,306,000000,000000,000,00000,000,000000,000000,000,00000,000,000000,000000,000,00000,000
DATA:,01,031125,134813,1,00,00,OOOOO,031125,134813,020,10152,015,000000,000000,000,00000,000,000000,000000,000,00000,000,000000,000000,000,00000,000
DATA:,01,031125,134813,1,00,00,OOOOO,031125,134813,020,05586,326,000000,000000,000,00000,000,000000,000000,000,00000,000,000000,000000,000,00000,000
DATA:,01,031125,134813,0,00,00,OOOOO,000000,000000,000,00000,000,000000,000000,000,00000,000,000000,000000,000,00000,000,000000,000000,000,00000,000
DATA:,01,031125,134814,1,00,00,OOOOO,031125,134813,020,02324,207,000000,000000,000,00000,000,000000,000000,000,00000,000,000000,000000,000,00000,000
DATA:,01,031125,134814,0,00,00,OOOOO,000000,000000,000,00000,000,000000,000000,000,00000,000,000000,000000,000,00000,000,000000,000000,000,00000,000
DATA:,01,031125,134814,1,00,00,OOOOO,031125,134814,020,02270,357,000000,000000,000,00000,000,000000,000000,000,00000,000,000000,000000,000,00000,000
DATA:,01,031125,134815,4,00,00,OOOOO,031125,134814,082,07365,203,031125,134814,062,10206,215,031125,134814,041,09611,085,031125,134814,020,08772,131
DATA:,01,031125,134815,4,00,00,OOOOO,031125,134815,082,01031,350,031125,134815,062,09818,018,031125,134815,041,03949,113,031125,134815,020,10013,175
DATA:,01,031125,134816,1,00,00,OOOOO,031125,134815,020,08547,322,000000,000000,000,00000,000,000000,000000,000,00000,000,000000,000000,000,00000,000
DATA:,01,031125,134816,3,00,00,OOOOO,031125,134816,062,09122,293,031125,134816,041,04584,076,031125,134816,020,00772,206,000000,000000,000,00000,000
DATA:,01,031125,134816,0,00,00,OOOOO,000000,000000,000,00000,000,000000,000000,000,00000,000,000000,000000,000,00000,000,000000,000000,000,00000,000
DATA:,01,031125,134816,0,00,00,OOOOO,000000,000000,000,00000,000,000000,000000,000,00000,000,000000,000000,000,00000,000,000000,000000,000,00000,000
DATA:,01,031125,134816,0,00,00,OOOOO,000000,000000,000,00000,000,000000,000000,000,00000,000,000000,000000,000,00000,000,000000,000000,000,00000,000
DATA:,01,031125,134816,0,00,00,OOOOO,000000,000000,000,00000,000,000000,000000,000,00000,000,000000,000000,000,00000,000,000000,000000,000,00000,000
DATA:,01,031125,134816,0,00,00,OOOOO,000000,000000,000,00000,000,000000,000000,000,00000,000,000000,000000,000,00000,000,000000,000000,000,00000,000
DATA:,01,031125,134817,4,00,00,OOOOO,031125,134816,082,07013,254,031125,134817,062,09473,149,031125,134817,041,04307,075,031125,134817,020,09431,136
DATA:,01,031125,134818,2,00,00,OOOOO,031125,134817,041,03010,125,031125,134817,020,00770,024,000000,000000,000,00000,000,000000,000000,000,00000,000
DATA:,01,031125,134818,2,00,00,OOOOO,031125,134818,041,00026,167,031125,134818,020,08894,059,000000,000000,000,00000,000,000000,000000,000,00000,000
DATA:,01,031125,134819,4,00,00,OOOOO,031125,134818,082,07215,336,031125,134818,062,03269,097,031125,134819,041,11865,297,031125,134819,020,07736,053
DATA:,01,031125,134819,2,00,00,OOOOO,031125,134819,041,10013,343,031125,134819,020,04931,001,000000,000000,000,00000,000,000000,000000,000,00000,000
DATA:,01,031125,134819,0,00,00,OOOOO,000000,000000,000,00000,000,000000,000000,000,00000,000,000000,000000,000,00000,000,000000,000000,000,00000,000
DATA:,01,031125,134820,3,00,00,OOOOO,031125,134819,062,01575,221,031125,134820,041,08597,287,031125,134820,020,09438,237,000000,000000,000,00000,000
DATA:,01,031125,134821,3,00,00,OOOOO,031125,134820,062,06798,225,031125,134820,041,10143,214,031125,134821,020,12061,322,000000,000000,000,00000,000
DATA:,01,031125,134821,3,00,00,OOOOO,031125,134821,062,12858,215,031125,134821,041,11978,199,031125,134821,020,06943,257,000000,000000,000,00000,000
DATA:,01,031125,134822,3,00,00,OOOOO,031125,134821,062,08746,159,031125,134822,041,07736,224,031125,134822,020,13673,003,000000,000000,000,00000,000
DATA:,01,031125,134822,2,00,00,OOOOO,031125,134822,041,05044,193,031125,134822,020,11846,298,000000,000000,000,00000,000,000000,000000,000,00000,000
DATA:,01,031125,134823,2,00,00,OOOOO,031125,134822,041,13392,351,031125,134823,020,05514,108,000000,000000,000,00000,000,000000,000000,000,00000,000
DATA:,01,031125,134823,1,00,00,OOOOO,031125,134823,020,10894,253,000000,000000,000,00000,000,000000,000000,000,00000,000,000000,000000,000,00000,000
DATA:,01,031125,134823,1,00,00,OOOOO,031125,134823,020,03176,351,000000,000000,000,00000,000,000000,000000,000,00000,000,000000,000000,000,00000,000
DATA:,01,031125,134824,3,00,00,OOOOO,031125,134823,062,12435,119,031125,134824,041,04800,224,031125,134824,020,04211,134,000000,000000,000,00000,000
DATA:,01,031125,134824,1,00,00,OOOOO,031125,134824,020,06973,084,000000,000000,000,00000,000,000000,000000,000,00000,000,000000,000000,000,00000,000
DATA:,01,031125,134824,1,00,00,OOOOO,031125,134824,020,02754,203,000000,000000,000,00000,000,000000,000000,000,00000,000,000000,000000,000,00000,000
DATA:,01,031125,134824,0,00,00,OOOOO,000000,000000,000,00000,000,000000,000000,000,00000,000,000000,000000,000,00000,000,000000,000000,000,00000,000
DATA:,01,031125,134825,3,00,00,OOOOO,031125,134824,062,00427,247,031125,134825,041,11110,194,031125,134825,020,12816,182,000000,000000,000,00000,000
DATA:,01,031125,134826,2,00,00,OOOOO,031125,134825,041,00531,311,031125,134825,020,02888,171,000000,000000,000,00000,000,000000,000000,000,00000,000
DATA:,01,031125,134826,2,00,00,OOOOO,031125,134826,041,09346,275,031125,134826,020,12230,276,000000,000000,000,00000,000,000000,000000,000,00000,000
DATA:,01,031125,134826,0,00,00,OOOOO,000000,000000,000,00000,000,000000,000000,000,00000,000,000000,000000,000,00000,000,000000,000000,000,00000,000
DATA:,01,031125,134826,0,00,00,OOOOO,000000,000000,000,00000,000,000000,000000,000,00000,000,000000,000000,000,00000,000,000000,000000,000,00000,000
DATA:,01,031125,134826,1,00,00,OOOOO,031125,134826,020,02826,054,000000,000000,000,00000,000,000000,000000,000,00000,000,000000,000000,000,00000,000
DATA:,01,031125,134826,1,00,00,OOOOO,031125,134826,020,08491,090,000000,000000,000,00000,000,000000,000000,000,00000,000,000000,000000,000,00000,000
DATA:,01,031125,134827,1,00,00,OOOOO,031125,134826,020,02710,063,000000,000000,000,00000,000,000000,000000,000,00000,000,000000,000000,000,00000,000
DATA:,01,031125,134827,1,00,00,OOOOO,031125,134827,020,05277,319,000000,000000,000,00000,000,000000,000000,000,00000,000,000000,000000,000,00000,000
DATA:,01,031125,134827,2,00,00,OOOOO,031125,134827,041,02864,191,031125,134827,020,05631,055,000000,000000,000,00000,000,000000,000000,000,00000,000
DATA:,01,031125,134828,2,00,00,OOOOO,031125,134827,041,05366,309,031125,134828,020,00268,061,000000,000000,000,00000,000,000000,000000,000,00000,000
DATA:,01,031125,134828,3,00,00,OOOOO,031125,134828,062,08287,284,031125,134828,041,04675,228,031125,134828,020,12501,300,000000,000000,000,00000,000
DATA:,01,031125,134828,0,00,00,OOOOO,000000,000000,000,00000,000,000000,000000,000,00000,000,000000,000000,000,00000,000,000000,000000,000,00000,000
DATA:,01,031125,134829,1,00,00,OOOOO,031125,134828,020,09950,021,000000,000000,000,00000,000,000000,000000,000,00000,000,000000,000000,000,00000,000
DATA:,01,031125,134829,2,00,00,OOOOO,031125,134829,041,00323,129,031125,134829,020,11885,187,000000,000000,000,00000,000,000000,000000,000,00000,000
DATA:,01,031125,134830,2,00,00,OOOOO,031125,134829,041,07237,107,031125,134829,020,12632,126,000000,000000,000,00000,000,000000,000000,000,00000,000
DATA:,01,031125,134830,0,00,00,OOOOO,000000,000000,000,00000,000,000000,000000,000,00000,000,000000,000000,000,00000,000,000000,000000,000,00000,000
DATA:,01,031125,134830,2,00,00,OOOOO,031125,134830,041,12371,159,031125,134830,020,04566,120,000000,000000,000,00000,000,000000,000000,000,00000,000
DATA:,01,031125,134831,4,00,00,OOOOO,031125,134830,082,05694,196,031125,134830,062,03983,327,031125,134830,041,04087,012,031125,134831,020,09888,070
DATA:,01,031125,134831,3,00,00,OOOOO,031125,134831,062,09455,219,031125,134831,041,01002,241,031125,134831,020,00723,336,000000,000000,000,00000,000
DATA:,01,031125,134832,3,00,00,OOOOO,031125,134831,062,04270,190,031125,134832,041,05819,094,031125,134832,020,00871,137,000000,000000,000,00000,000
DATA:,01,031125,134833,4,00,00,OOOOO,031125,134832,083,01034,295,031125,134832,062,08785,059,031125,134833,041,00013,259,031125,134833,020,03683,307
DATA:,01,031125,134833,0,00,00,OOOOO,000000,000000,000,00000,000,000000,000000,000,00000,000,000000,000000,000,00000,000,000000,000000,000,00000,000
DATA:,01,031125,134834,3,00,00,OOOOO,031125,134833,062,07019,059,031125,134833,041,08730,275,031125,134833,020,12935,077,000000,000000,000,00000,000
DATA:,01,031125,134834,3,00,00,OOOOO,031125,134834,062,01577,231,031125,134834,041,11658,070,031125,134834,020,11842,043,000000,000000,000,00000,000
DATA:,01,031125,134835,3,00,00,OOOOO,031125,134834,062,02273,072,031125,134834,041,11041,159,031125,134835,020,11691,186,000000,000000,000,00000,000
DATA:,01,031125,134836,3,00,00,OOOOO,031125,134835,062,10727,105,031125,134835,041,07419,055,031125,134835,020,10376,233,000000,000000,000,00000,000
DATA:,01,031125,134836,2,00,00,OOOOO,031125,134836,041,06493,208,031125,134836,020,13726,041,000000,000000,000,00000,000,000000,000000,000,00000,000
DATA:,01,031125,134836,1,00,00,OOOOO,031125,134836,020,09140,113,000000,000000,000,00000,000,000000,000000,000,00000,000,000000,000000,000,00000,000
DATA:,01,031125,134836,1,00,00,OOOOO,031125,134836,020,02710,010,000000,000000,000,00000,000,000000,000000,000,00000,000,000000,000000,000,00000,000
DATA:,01,031125,134836,0,00,00,OOOOO,000000,000000,000,00000,000,000000,000000,000,00000,000,000000,000000,000,00000,000,000000,000000,000,00000,000
DATA:,01,031125,134836,0,00,00,OOOOO,000000,000000,000,00000,000,000000,000000,000,00000,000,000000,000000,000,00000,000,000000,000000,000,00000,000
DATA:,01,031125,134837,2,00,00,OOOOO,031125,134836,041,05893,095,031125,134837,020,05287,199,000000,000000,000,00000,000,000000,000000,000,00000,000
DATA:,01,031125,134838,4,00,00,OOOOO,031125,134837,082,08190,305,031125,134837,062,09211,177,031125,134837,041,11259,110,031125,134838,020,12964,196
DATA:,01,031125,134838,0,00,00,OOOOO,000000,000000,000,00000,000,000000,000000,000,00000,000,000000,000000,000,00000,000,000000,000000,000,00000,000
DATA:,01,031125,134838,0,00,00,OOOOO,000000,000000,000,00000,000,000000,000000,000,00000,000,000000,000000,000,00000,000,000000,000000,000,00000,000
DATA:,01,031125,134838,0,00,00,OOOOO,000000,000000,000,00000,000,000000,000000,000,00000,000,000000,000000,000,00000,000,000000,000000,000,00000,000
DATA:,01,031125,134839,4,00,00,OOOOO,031125,134838,082,11375,184,031125,134838,062,00917,229,031125,134838,041,10062,167,031125,134838,020,04739,184
DATA:,01,031125,134839,2,00,00,OOOOO,031125,134839,041,05562,252,031125,134839,020,04371,071,000000,000000,000,00000,000,000000,000000,000,00000,000
DATA:,01,031125,134839,2,00,00,OOOOO,031125,134839,041,00315,292,031125,134839,020,10233,137,000000,000000,000,00000,000,000000,000000,000,00000,000
DATA:,01,031125,134840,1,00,00,OOOOO,031125,134840,020,13794,093,000000,000000,000,00000,000,000000,000000,000,00000,000,000000,000000,000,00000,000
DATA:,01,031125,134840,1,00,00,OOOOO,031125,134840,020,06110,011,000000,000000,000,00000,000,000000,000000,000,00000,000,000000,000000,000,00000,000
DATA:,01,031125,134841,4,00,00,OOOOO,031125,134840,083,12132,081,031125,134840,062,03192,091,031125,134840,041,07888,348,031125,134841,020,05357,022
DATA:,01,031125,134841,1,00,00,OOOOO,031125,134841,020,10030,085,000000,000000,000,00000,000,000000,000000,000,00000,000,000000,000000,000,00000,000
DATA:,01,031125,134841,2,00,00,OOOOO,031125,134841,041,08987,217,031125,134841,020,09330,339,000000,000000,000,00000,000,000000,000000,000,00000,000
DATA:,01,031125,134842,4,00,00,OOOOO,031125,134841,082,08483,122,031125,134842,062,06182,270,031125,134842,041,11488,020,031125,134842,020,07573,107
DATA:,01,031125,134843,1,00,00,OOOOO,031125,134842,020,08487,169,000000,000000,000,00000,000,000000,000000,000,00000,000,000000,000000,000,00000,000
DATA:,01,031125,134843,2,00,00,OOOOO,031125,134843,041,09118,036,031125,134843,020,05337,307,000000,000000,000,00000,000,000000,000000,000,00000,000
DATA:,01,031125,134844,3,00,00,OOOOO,031125,134843,062,00360,167,031125,134843,041,11973,190,031125,134843,020,08659,202,000000,000000,000,00000,000
DATA:,01,031125,134844,1,00,00,OOOOO,031125,134844,020,01408,214,000000,000000,000,00000,000,000000,000000,000,00000,000,000000,000000,000,00000,000
DATA:,01,031125,134844,1,00,00,OOOOO,031125,134844,020,02900,174,000000,000000,000,00000,000,000000,000000,000,00000,000,000000,000000,000,00000,000
DATA:,01,031125,134845,3,00,00,OOOOO,031125,134844,061,07787,289,031125,134844,041,01624,017,031125,134845,020,11509,066,000000,000000,000,00000,000
DATA:,01,031125,134845,2,00,00,OOOOO,031125,134845,041,13442,112,031125,134845,020,13247,304,000000,000000,000,00000,000,000000,000000,000,00000,000
DATA:,01,031125,134845,1,00,00,OOOOO,031125,134845,020,02205,278,000000,000000,000,00000,000,000000,000000,000,00000,000,000000,000000,000,00000,000
DATA:,01,031125,134846,4,00,00,OOOOO,031125,134845,082,08294,335,031125,134846,062,01206,218,031125,134846,041,11821,355,031125,134846,020,13627,018
